410
358
740
662
462
623
649
907
689
586
309
818
567
596
848
459
317
608
308
926
603
545
814
802
437
882
551
605
838
826
491
970
634
905
321
445
343
531
888
865
690
669
331
449
697
626
829
683
879
850
786
982
442
629
953
772
397
509
993
680
782
503
851
304
508
918
647
835
369
406
962
323
867
536
938
790
719
939
659
549
606
815
368
767
911
601
330
725
779
458
1000
492
414
429
590
432
381
382
696
712
903
977
987
482
819
825
971
806
923
355
452
912
564
404
876
762
329
583
954
560
401
775
787
474
961
930
619
467
408
658
394
